09,08,16,12,09,11,00,16,19,09,16,12,00
08,00,17,00,15,00,22,00,09,00,12,00,06
22,21,22,02,10,06,21,00,05,21,16,07,26
23,00,21,00,23,00,12,00,21,00,18,00,09
01,23,17,09,11,00,25,20,09,10,09,15,10
00,00,24,00,00,00,01,00,06,00,00,00,07
16,24,09,08,07,01,00,06,10,02,10,07,03
11,00,00,00,02,00,06,00,00,00,04,00,00
07,16,21,06,10,02,07,00,11,23,23,08,01
23,00,25,00,16,00,23,00,16,00,13,00,23
14,16,25,02,17,00,04,16,20,11,23,07,26
09,00,09,00,09,00,11,00,14,00,11,00,09
00,13,20,02,11,11,00,14,16,08,17,16,11


1=Y
5=Q
#9=E
#10=T
#16=A
#20=R
#24=G
#25=P
#26=K

http://www.puzzlechoice.com/pc2/Code01x.html
